*** Training Set (CVd) ***
             precision    recall  f1-score   support

          0       0.09      0.12      0.10        17
        101       0.33      0.33      0.33         3
        103       0.00      0.00      0.00         3
        104       0.50      0.56      0.53         9
        105       0.52      0.42      0.47        26
        106       0.52      0.57      0.55        21
        107       0.49      0.50      0.50        86
        108       0.47      0.61      0.53        59
        110       0.75      0.35      0.48        17
        201       0.58      0.54      0.56       159
        202       0.58      0.55      0.57       122
        203       0.29      0.44      0.35         9
        204       1.00      0.14      0.25         7
        301       0.43      0.51      0.47        43
        302       0.25      0.20      0.22        10
        303       0.41      0.38      0.39       112
        304       0.50      0.45      0.48        11
        305       0.50      0.57      0.53        92
        401       0.20      0.19      0.20        52
        402       0.30      0.39      0.34        41
        403       0.56      0.52      0.54       182
        404       0.33      0.14      0.20         7
        405       0.30      0.43      0.35         7
        406       0.00      0.00      0.00         1
        407       1.00      0.29      0.44         7
        408       0.23      0.22      0.22        59
        409       0.14      0.12      0.13         8
        410       0.25      0.23      0.24        13
        411       0.57      0.51      0.54       171
        412       0.38      0.35      0.36        17
        413       0.35      0.56      0.43        16
        414       0.50      0.45      0.47        47
        415       0.00      0.00      0.00         3
        416       0.37      0.47      0.41        32
        501       0.62      0.61      0.61       165
        502       0.48      0.46      0.47        74
        503       0.60      0.48      0.53       260
        504       0.41      0.45      0.43       107
        505       0.13      0.14      0.14        14
        506       0.50      0.53      0.51        97
        507       0.00      0.00      0.00         2
        601       0.20      0.32      0.25        22
        602       0.22      0.25      0.24         8
        603       0.36      0.52      0.43        23
        604       0.50      0.45      0.48        33
        605       0.38      0.49      0.43        47
        606       0.29      0.44      0.35        34
        607       0.39      0.40      0.39        30
        608       0.00      0.00      0.00         2
        701       0.57      0.54      0.56       129
        702       0.00      0.00      0.00         4
        703       0.43      0.67      0.52        18
        704       0.33      0.50      0.40         2
        705       0.33      0.32      0.33        50
        706       0.35      0.39      0.37        61

avg / total       0.48      0.47      0.47      2651

Confusion Matrix (rows=true, cols=predicted)
0, 101, 102, 103, 104, 105, 106, 107, 108, 109, 110, 201, 202, 203, 204, 301, 302, 303, 304, 305, 401, 402, 403, 404, 405, 406, 407, 408, 409, 410, 411, 412, 413, 414, 415, 416, 501, 502, 503, 504, 505, 506, 507, 601, 602, 603, 604, 605, 606, 607, 608, 701, 702, 703, 704, 705, 706
[2, 0, 0, 0, 0, 0, 0, 1, 0, 0, 1, 0, 0, 0, 0, 1, 0, 2, 0, 0, 5, 0, 0, 0, 0, 0, 0, 0, 0, 0, 0, 0, 0, 0, 0, 1, 3, 0, 0, 0, 0, 0, 0, 0, 0, 0, 0, 0, 0, 0, 0, 0, 0, 0, 1]
[0, 1, 0, 0, 0, 0, 0, 0, 0, 0, 1, 0, 0, 0, 0, 0, 0, 0, 0, 0, 0, 0, 0, 0, 0, 0, 0, 0, 0, 0, 0, 0, 0, 0, 0, 0, 0, 0, 0, 1, 0, 0, 0, 0, 0, 0, 0, 0, 0, 0, 0, 0, 0, 0, 0]
[0, 0, 0, 0, 0, 0, 1, 0, 0, 0, 0, 0, 0, 0, 0, 0, 0, 0, 0, 0, 0, 0, 0, 0, 0, 0, 0, 0, 0, 0, 0, 0, 0, 0, 0, 0, 0, 0, 0, 0, 0, 0, 0, 0, 0, 0, 1, 0, 0, 0, 0, 0, 0, 1, 0]
[0, 0, 0, 5, 1, 0, 1, 1, 0, 0, 0, 0, 0, 0, 0, 0, 0, 1, 0, 0, 0, 0, 0, 0, 0, 0, 0, 0, 0, 0, 0, 0, 0, 0, 0, 0, 0, 0, 0, 0, 0, 0, 0, 0, 0, 0, 0, 0, 0, 0, 0, 0, 0, 0, 0]
[0, 1, 0, 3, 11, 1, 1, 1, 0, 0, 0, 0, 0, 0, 0, 1, 0, 0, 0, 0, 1, 0, 0, 0, 0, 0, 0, 0, 0, 0, 0, 0, 0, 0, 0, 0, 0, 0, 0, 0, 0, 2, 0, 0, 2, 2, 0, 0, 0, 0, 0, 0, 0, 0, 0]
[0, 0, 1, 0, 2, 12, 1, 1, 0, 1, 0, 0, 0, 0, 0, 0, 0, 0, 0, 0, 0, 0, 0, 0, 0, 0, 0, 0, 0, 0, 0, 0, 0, 0, 1, 0, 1, 0, 0, 0, 0, 0, 0, 0, 0, 1, 0, 0, 0, 0, 0, 0, 0, 0, 0]
[4, 0, 0, 1, 2, 2, 43, 2, 0, 1, 1, 0, 0, 0, 0, 1, 0, 2, 1, 1, 4, 0, 0, 0, 0, 0, 0, 1, 1, 0, 0, 0, 0, 2, 5, 0, 4, 2, 0, 0, 0, 1, 0, 0, 0, 1, 1, 1, 0, 0, 0, 1, 0, 0, 1]
[0, 0, 0, 1, 0, 0, 3, 36, 0, 3, 3, 0, 0, 0, 0, 1, 0, 0, 0, 0, 1, 0, 0, 0, 0, 0, 0, 0, 2, 0, 1, 1, 0, 0, 1, 1, 2, 0, 0, 0, 0, 1, 0, 0, 0, 0, 1, 0, 0, 0, 0, 0, 0, 0, 1]
[1, 0, 0, 0, 0, 0, 0, 5, 6, 0, 1, 0, 0, 1, 0, 0, 0, 1, 0, 0, 0, 0, 0, 0, 0, 0, 0, 0, 0, 0, 1, 1, 0, 0, 0, 0, 0, 0, 0, 0, 0, 0, 0, 0, 0, 0, 0, 0, 0, 0, 0, 0, 0, 0, 0]
[1, 0, 0, 0, 1, 2, 4, 2, 0, 86, 5, 0, 0, 0, 0, 3, 1, 3, 4, 0, 4, 0, 0, 0, 0, 0, 0, 0, 4, 1, 1, 0, 1, 0, 3, 3, 5, 1, 0, 2, 0, 1, 0, 0, 3, 5, 0, 0, 0, 3, 0, 0, 0, 5, 5]
[1, 0, 0, 0, 1, 0, 2, 6, 0, 4, 67, 0, 0, 3, 0, 5, 1, 3, 1, 2, 0, 0, 1, 0, 0, 0, 0, 0, 3, 1, 1, 1, 0, 0, 0, 1, 2, 0, 0, 2, 0, 1, 2, 0, 1, 3, 2, 0, 0, 2, 0, 0, 0, 0, 3]
[0, 0, 0, 0, 0, 0, 0, 0, 0, 3, 1, 4, 0, 0, 0, 0, 0, 0, 1, 0, 0, 0, 0, 0, 0, 0, 0, 0, 0, 0, 0, 0, 0, 0, 0, 0, 0, 0, 0, 0, 0, 0, 0, 0, 0, 0, 0, 0, 0, 0, 0, 0, 0, 0, 0]
[0, 0, 0, 0, 0, 0, 0, 0, 0, 0, 0, 3, 1, 0, 1, 0, 0, 0, 0, 0, 0, 0, 0, 0, 0, 0, 1, 0, 0, 0, 0, 0, 0, 0, 0, 1, 0, 0, 0, 0, 0, 0, 0, 0, 0, 0, 0, 0, 0, 0, 0, 0, 0, 0, 0]
[0, 0, 0, 0, 0, 0, 0, 0, 0, 0, 0, 0, 0, 22, 0, 1, 0, 3, 0, 0, 0, 0, 0, 0, 0, 2, 0, 0, 0, 0, 1, 0, 0, 1, 4, 0, 0, 1, 1, 3, 0, 1, 0, 0, 0, 0, 1, 0, 0, 0, 0, 1, 0, 0, 1]
[0, 0, 0, 0, 0, 0, 0, 0, 0, 0, 0, 1, 0, 2, 2, 1, 0, 0, 0, 0, 0, 0, 0, 0, 0, 0, 0, 0, 0, 0, 0, 0, 0, 0, 0, 1, 1, 0, 1, 0, 0, 0, 0, 0, 0, 0, 0, 0, 0, 0, 0, 0, 0, 1, 0]
[2, 0, 0, 0, 0, 0, 1, 2, 0, 3, 6, 0, 0, 1, 1, 42, 0, 6, 0, 0, 9, 1, 1, 0, 0, 1, 0, 0, 7, 0, 1, 2, 0, 1, 3, 2, 3, 4, 1, 2, 0, 1, 0, 0, 2, 0, 1, 1, 0, 3, 0, 0, 0, 2, 0]
[0, 0, 0, 0, 0, 0, 0, 0, 0, 0, 2, 0, 0, 0, 0, 0, 5, 0, 0, 0, 2, 0, 0, 0, 0, 0, 0, 0, 0, 0, 0, 0, 0, 0, 0, 0, 0, 0, 0, 0, 0, 0, 0, 0, 0, 1, 0, 0, 0, 0, 0, 0, 0, 1, 0]
[1, 0, 0, 0, 0, 1, 2, 0, 0, 0, 0, 0, 0, 1, 0, 3, 0, 52, 0, 0, 4, 0, 1, 0, 0, 0, 0, 1, 2, 0, 0, 1, 0, 0, 5, 1, 4, 0, 0, 0, 0, 4, 0, 0, 0, 0, 3, 1, 1, 2, 0, 0, 0, 0, 2]
[0, 0, 0, 0, 0, 0, 0, 0, 0, 3, 1, 0, 0, 0, 1, 1, 0, 2, 10, 5, 2, 0, 0, 0, 0, 2, 0, 0, 1, 2, 1, 1, 0, 0, 2, 2, 2, 1, 4, 1, 0, 2, 0, 0, 0, 1, 2, 0, 0, 1, 0, 0, 1, 0, 1]
[0, 0, 0, 0, 0, 1, 0, 0, 0, 0, 0, 0, 0, 0, 0, 2, 0, 0, 3, 16, 6, 0, 0, 0, 0, 1, 0, 0, 3, 1, 0, 1, 0, 1, 1, 1, 0, 2, 0, 0, 0, 0, 0, 0, 0, 1, 0, 0, 0, 1, 0, 0, 0, 0, 0]
[0, 0, 0, 0, 0, 0, 2, 4, 0, 5, 3, 0, 0, 0, 0, 12, 3, 7, 3, 6, 95, 0, 0, 0, 0, 1, 0, 1, 3, 1, 1, 2, 0, 3, 6, 1, 4, 2, 0, 2, 0, 1, 0, 1, 2, 4, 0, 0, 0, 1, 0, 2, 0, 3, 1]
[0, 0, 0, 0, 0, 0, 0, 1, 0, 0, 0, 0, 0, 0, 0, 1, 0, 0, 0, 0, 0, 1, 0, 0, 0, 2, 0, 0, 0, 0, 0, 0, 0, 0, 0, 1, 0, 1, 0, 0, 0, 0, 0, 0, 0, 0, 0, 0, 0, 0, 0, 0, 0, 0, 0]
[0, 0, 0, 0, 0, 0, 0, 0, 0, 0, 0, 0, 0, 0, 0, 0, 0, 0, 0, 1, 0, 0, 3, 0, 0, 0, 0, 0, 0, 0, 0, 0, 0, 0, 0, 0, 0, 0, 0, 0, 0, 0, 0, 0, 0, 0, 0, 0, 0, 3, 0, 0, 0, 0, 0]
[0, 0, 0, 0, 0, 0, 0, 0, 0, 0, 0, 0, 0, 0, 0, 0, 0, 0, 0, 0, 0, 0, 0, 0, 0, 0, 0, 0, 0, 0, 0, 0, 0, 0, 0, 1, 0, 0, 0, 0, 0, 0, 0, 0, 0, 0, 0, 0, 0, 0, 0, 0, 0, 0, 0]
[0, 0, 0, 0, 0, 0, 2, 3, 0, 0, 0, 0, 0, 0, 0, 0, 0, 0, 0, 0, 0, 0, 0, 0, 2, 0, 0, 0, 0, 0, 0, 0, 0, 0, 0, 0, 0, 0, 0, 0, 0, 0, 0, 0, 0, 0, 0, 0, 0, 0, 0, 0, 0, 0, 0]
[1, 0, 0, 0, 0, 0, 0, 1, 0, 2, 1, 0, 0, 3, 0, 0, 0, 0, 2, 4, 4, 0, 0, 0, 0, 13, 1, 2, 2, 0, 1, 1, 0, 3, 3, 1, 3, 1, 0, 1, 0, 1, 0, 0, 0, 0, 0, 0, 0, 6, 0, 1, 0, 1, 0]
[0, 0, 0, 0, 0, 0, 0, 0, 0, 0, 1, 0, 0, 0, 0, 0, 0, 0, 0, 0, 0, 0, 0, 0, 0, 0, 1, 0, 1, 0, 0, 1, 0, 2, 0, 0, 0, 0, 0, 0, 0, 0, 0, 1, 0, 0, 0, 0, 0, 1, 0, 0, 0, 0, 0]
[0, 0, 0, 0, 0, 0, 0, 2, 0, 0, 0, 0, 0, 0, 0, 0, 0, 1, 0, 1, 1, 0, 0, 0, 0, 4, 0, 3, 0, 0, 0, 0, 0, 1, 0, 0, 0, 0, 0, 0, 0, 0, 0, 0, 0, 0, 0, 0, 0, 0, 0, 0, 0, 0, 0]
[0, 0, 0, 0, 1, 1, 3, 0, 0, 3, 0, 0, 0, 0, 0, 5, 0, 2, 4, 4, 3, 0, 1, 0, 0, 8, 0, 1, 87, 0, 1, 1, 0, 1, 10, 1, 2, 3, 0, 8, 0, 1, 0, 0, 0, 0, 2, 2, 0, 5, 0, 5, 0, 2, 4]
[0, 0, 0, 0, 0, 0, 0, 0, 0, 0, 0, 0, 0, 0, 0, 2, 0, 0, 0, 0, 4, 0, 0, 0, 0, 1, 0, 0, 0, 6, 0, 0, 0, 0, 1, 0, 0, 1, 0, 0, 0, 0, 0, 0, 0, 0, 0, 0, 0, 2, 0, 0, 0, 0, 0]
[0, 0, 0, 0, 0, 0, 0, 0, 0, 0, 0, 0, 0, 1, 0, 0, 0, 0, 0, 0, 0, 0, 0, 0, 0, 1, 0, 0, 1, 1, 9, 0, 0, 0, 1, 0, 0, 0, 0, 0, 0, 0, 0, 0, 0, 0, 1, 0, 0, 0, 0, 0, 0, 1, 0]
[1, 0, 0, 0, 0, 0, 0, 2, 0, 1, 1, 1, 0, 1, 0, 1, 0, 1, 1, 0, 3, 0, 0, 0, 0, 4, 0, 0, 0, 1, 0, 21, 0, 0, 1, 0, 1, 3, 0, 1, 0, 0, 0, 0, 0, 0, 0, 0, 0, 0, 0, 0, 0, 0, 2]
[0, 0, 0, 0, 0, 0, 1, 0, 0, 0, 0, 0, 0, 0, 0, 0, 0, 0, 0, 0, 1, 0, 0, 0, 0, 0, 0, 0, 0, 0, 0, 0, 0, 0, 0, 0, 1, 0, 0, 0, 0, 0, 0, 0, 0, 0, 0, 0, 0, 0, 0, 0, 0, 0, 0]
[0, 0, 0, 0, 0, 0, 0, 0, 0, 1, 0, 0, 0, 0, 0, 0, 0, 1, 1, 0, 2, 0, 0, 0, 0, 1, 1, 1, 0, 0, 0, 0, 0, 15, 5, 0, 1, 1, 0, 0, 0, 0, 0, 0, 0, 0, 1, 0, 0, 1, 0, 0, 0, 0, 0]
[2, 0, 0, 0, 0, 0, 5, 0, 1, 3, 1, 1, 0, 2, 0, 1, 0, 5, 1, 1, 5, 0, 0, 0, 0, 1, 0, 1, 10, 0, 3, 2, 0, 6, 101, 0, 1, 0, 0, 0, 0, 1, 1, 1, 0, 2, 1, 0, 0, 2, 0, 1, 0, 2, 1]
[2, 0, 0, 0, 0, 1, 2, 2, 0, 2, 0, 0, 0, 1, 0, 1, 0, 0, 1, 2, 0, 0, 0, 0, 0, 1, 0, 0, 2, 0, 0, 0, 0, 0, 0, 34, 2, 1, 0, 4, 0, 2, 1, 0, 1, 1, 4, 2, 0, 0, 0, 2, 0, 1, 2]
[1, 1, 0, 0, 0, 1, 2, 2, 1, 5, 11, 2, 0, 3, 0, 3, 0, 3, 3, 3, 6, 1, 0, 0, 0, 5, 1, 0, 0, 0, 1, 2, 0, 1, 5, 7, 124, 18, 2, 6, 0, 3, 1, 3, 3, 4, 4, 3, 0, 7, 0, 0, 0, 4, 8]
[1, 0, 0, 0, 0, 0, 0, 0, 0, 3, 1, 0, 0, 1, 0, 6, 0, 1, 5, 0, 0, 0, 0, 0, 0, 3, 1, 0, 7, 1, 1, 0, 0, 0, 0, 3, 8, 48, 2, 2, 0, 0, 0, 3, 0, 1, 3, 0, 0, 1, 0, 0, 0, 4, 1]
[1, 0, 0, 0, 0, 0, 0, 0, 0, 0, 0, 0, 0, 0, 0, 2, 0, 0, 3, 0, 0, 0, 0, 0, 0, 0, 0, 0, 0, 0, 0, 0, 0, 0, 1, 0, 1, 2, 2, 1, 0, 0, 0, 1, 0, 0, 0, 0, 0, 0, 0, 0, 0, 0, 0]
[0, 0, 0, 0, 0, 1, 1, 0, 0, 0, 0, 0, 0, 2, 0, 4, 0, 1, 1, 2, 2, 0, 1, 0, 0, 2, 1, 0, 4, 0, 0, 1, 0, 1, 1, 4, 3, 5, 0, 51, 1, 0, 0, 0, 0, 0, 0, 3, 0, 2, 0, 0, 0, 0, 3]
[0, 0, 0, 0, 0, 0, 0, 0, 0, 0, 0, 0, 0, 0, 0, 0, 0, 0, 0, 0, 0, 0, 0, 0, 0, 0, 0, 0, 1, 0, 0, 0, 0, 0, 0, 0, 0, 0, 0, 1, 0, 0, 0, 0, 0, 0, 0, 0, 0, 0, 0, 0, 0, 0, 0]
[0, 0, 0, 0, 0, 0, 1, 0, 0, 0, 0, 0, 0, 1, 0, 0, 0, 1, 0, 1, 0, 0, 0, 0, 0, 0, 0, 1, 1, 0, 0, 0, 0, 0, 0, 0, 0, 0, 0, 1, 0, 7, 0, 2, 0, 2, 0, 2, 0, 1, 0, 1, 0, 0, 0]
[0, 0, 0, 0, 0, 0, 0, 1, 0, 0, 1, 1, 0, 0, 0, 0, 0, 2, 0, 0, 0, 0, 0, 0, 0, 0, 0, 0, 0, 0, 0, 0, 0, 0, 0, 0, 0, 0, 0, 0, 0, 0, 2, 0, 0, 0, 0, 0, 0, 0, 0, 0, 0, 1, 0]
[0, 0, 0, 0, 0, 0, 0, 0, 0, 0, 0, 0, 0, 0, 0, 1, 0, 0, 0, 0, 0, 0, 0, 0, 0, 1, 0, 0, 0, 0, 0, 0, 0, 0, 0, 0, 3, 3, 0, 1, 0, 0, 0, 12, 0, 1, 1, 0, 0, 0, 0, 0, 0, 0, 0]
[1, 0, 0, 0, 1, 0, 1, 0, 0, 1, 1, 0, 0, 0, 0, 0, 0, 1, 0, 0, 0, 0, 0, 0, 0, 0, 0, 0, 0, 0, 0, 0, 0, 0, 0, 0, 1, 1, 0, 1, 0, 1, 0, 3, 15, 1, 2, 0, 0, 0, 0, 0, 0, 0, 2]
[0, 0, 0, 0, 0, 0, 3, 0, 0, 7, 0, 0, 0, 3, 0, 0, 0, 0, 3, 0, 0, 0, 0, 0, 0, 0, 0, 0, 0, 0, 1, 1, 0, 0, 1, 0, 0, 1, 0, 0, 0, 1, 0, 0, 0, 23, 0, 1, 0, 0, 0, 0, 0, 0, 2]
[0, 0, 0, 0, 0, 0, 1, 0, 0, 4, 1, 0, 0, 0, 0, 0, 0, 0, 1, 1, 2, 0, 0, 0, 0, 0, 0, 0, 0, 0, 1, 0, 0, 0, 0, 0, 2, 0, 0, 2, 0, 1, 0, 0, 0, 1, 15, 0, 0, 0, 0, 0, 0, 0, 2]
[0, 0, 0, 0, 0, 0, 0, 0, 0, 0, 0, 0, 0, 1, 1, 0, 0, 1, 0, 0, 0, 0, 0, 0, 0, 0, 0, 0, 2, 0, 0, 0, 1, 0, 1, 1, 0, 0, 1, 2, 0, 0, 0, 0, 0, 0, 1, 12, 3, 0, 0, 0, 0, 3, 0]
[0, 0, 0, 0, 0, 0, 0, 1, 0, 0, 0, 0, 0, 0, 0, 0, 0, 0, 0, 0, 0, 0, 0, 0, 0, 0, 0, 0, 0, 0, 0, 0, 0, 0, 0, 0, 0, 0, 0, 0, 0, 1, 0, 0, 0, 0, 0, 0, 0, 0, 0, 0, 0, 0, 0]
[0, 0, 0, 0, 0, 0, 1, 1, 0, 1, 3, 0, 0, 2, 1, 2, 0, 0, 0, 2, 4, 0, 2, 0, 0, 3, 0, 0, 5, 1, 0, 1, 0, 2, 1, 2, 7, 4, 0, 5, 0, 1, 0, 3, 0, 0, 2, 0, 0, 70, 0, 2, 1, 0, 0]
[0, 0, 0, 0, 0, 0, 0, 0, 0, 0, 0, 0, 0, 0, 0, 0, 0, 0, 0, 0, 0, 0, 0, 0, 0, 0, 0, 0, 0, 0, 0, 0, 0, 0, 0, 0, 0, 0, 0, 0, 0, 0, 0, 0, 0, 0, 1, 0, 0, 3, 0, 0, 0, 0, 0]
[0, 0, 0, 0, 0, 0, 0, 0, 0, 0, 0, 0, 0, 0, 0, 0, 0, 0, 0, 1, 1, 0, 0, 0, 0, 0, 0, 0, 2, 0, 0, 0, 0, 0, 1, 0, 0, 0, 1, 0, 0, 0, 0, 0, 0, 0, 0, 0, 0, 0, 0, 12, 0, 0, 0]
[0, 0, 0, 0, 0, 0, 0, 0, 0, 0, 0, 0, 0, 0, 0, 0, 0, 0, 0, 0, 0, 0, 0, 0, 0, 0, 0, 0, 0, 0, 0, 0, 0, 0, 0, 0, 0, 0, 0, 1, 0, 0, 0, 0, 0, 0, 0, 0, 0, 0, 0, 0, 1, 0, 0]
[0, 0, 0, 0, 1, 0, 2, 0, 0, 4, 1, 1, 0, 0, 0, 0, 0, 1, 0, 0, 0, 0, 0, 0, 0, 0, 0, 0, 1, 0, 0, 0, 0, 1, 0, 1, 5, 5, 0, 0, 0, 0, 1, 0, 1, 2, 0, 2, 0, 3, 0, 0, 0, 16, 2]
[1, 0, 0, 0, 0, 0, 1, 0, 0, 3, 0, 0, 0, 0, 1, 0, 0, 0, 0, 0, 0, 0, 0, 0, 0, 0, 0, 0, 0, 0, 0, 1, 0, 0, 0, 0, 9, 5, 0, 2, 0, 0, 1, 3, 0, 4, 2, 1, 0, 3, 0, 0, 0, 0, 24]
*** Evaluation Set ***
             precision    recall  f1-score   support

          0       0.05      0.05      0.05        19
        101       1.00      0.50      0.67         4
        103       0.00      0.00      0.00         0
        104       0.40      0.55      0.46        11
        105       0.65      0.59      0.62        44
        106       0.52      0.43      0.47        30
        107       0.44      0.54      0.48        99
        108       0.51      0.56      0.53        64
        109       0.00      0.00      0.00         1
        110       0.18      0.20      0.19        20
        201       0.54      0.55      0.54       164
        202       0.65      0.59      0.62       141
        203       0.33      0.50      0.40         4
        204       0.50      0.20      0.29         5
        301       0.43      0.59      0.49        41
        302       0.22      0.29      0.25         7
        303       0.41      0.42      0.42       125
        304       0.64      0.39      0.48        18
        305       0.43      0.63      0.51        70
        401       0.11      0.19      0.14        37
        402       0.28      0.29      0.28        55
        403       0.53      0.46      0.49       191
        404       0.25      0.25      0.25         4
        405       0.57      0.44      0.50         9
        406       0.00      0.00      0.00         2
        407       0.20      0.33      0.25         3
        408       0.21      0.26      0.23        62
        409       0.33      0.18      0.24        11
        410       0.15      0.15      0.15        13
        411       0.55      0.47      0.50       205
        412       0.53      0.47      0.50        19
        413       0.52      0.57      0.54        23
        414       0.49      0.65      0.56        48
        415       0.00      0.00      0.00         3
        416       0.38      0.44      0.41        45
        501       0.60      0.57      0.58       171
        502       0.42      0.58      0.49        69
        503       0.53      0.35      0.42       263
        504       0.45      0.44      0.44       154
        505       0.50      0.29      0.36        14
        506       0.58      0.54      0.56       123
        507       0.00      0.00      0.00         3
        601       0.24      0.26      0.25        23
        602       0.67      0.33      0.44        12
        603       0.16      0.25      0.20        24
        604       0.26      0.35      0.30        31
        605       0.37      0.46      0.41        50
        606       0.45      0.48      0.46        63
        607       0.43      0.47      0.45        32
        608       0.25      0.11      0.15         9
        701       0.61      0.56      0.59       149
        702       0.00      0.00      0.00         1
        703       0.58      0.61      0.60        23
        704       0.33      0.11      0.17         9
        705       0.28      0.25      0.26        63
        706       0.32      0.40      0.36        63

avg / total       0.47      0.46      0.46      2946
[1, 0, 0, 0, 0, 0, 2, 1, 0, 0, 3, 1, 0, 0, 0, 0, 0, 0, 0, 2, 0, 0, 0, 0, 0, 0, 2, 0, 1, 1, 0, 0, 1, 0, 0, 1, 0, 0, 1, 0, 0, 1, 0, 0, 0, 0, 0, 0, 0, 0, 0, 0, 0, 0, 0, 1]
[0, 2, 0, 0, 0, 1, 0, 0, 0, 0, 0, 0, 0, 0, 0, 0, 0, 0, 0, 0, 0, 0, 0, 0, 0, 0, 0, 0, 0, 0, 0, 0, 0, 0, 0, 1, 0, 0, 0, 0, 0, 0, 0, 0, 0, 0, 0, 0, 0, 0, 0, 0, 0, 0, 0, 0]
[0, 0, 0, 0, 0, 0, 0, 0, 0, 0, 0, 0, 0, 0, 0, 0, 0, 0, 0, 0, 0, 0, 0, 0, 0, 0, 0, 0, 0, 0, 0, 0, 0, 0, 0, 0, 0, 0, 0, 0, 0, 0, 0, 0, 0, 0, 0, 0, 0, 0, 0, 0, 0, 0, 0, 0]
[0, 0, 0, 6, 0, 0, 2, 0, 0, 0, 0, 0, 0, 0, 0, 0, 0, 0, 0, 0, 1, 0, 0, 0, 0, 0, 0, 0, 0, 1, 0, 0, 0, 0, 0, 0, 0, 0, 0, 0, 0, 0, 0, 0, 0, 0, 1, 0, 0, 0, 0, 0, 0, 0, 0, 0]
[0, 0, 0, 3, 26, 1, 0, 0, 0, 0, 4, 1, 0, 0, 0, 0, 1, 0, 3, 0, 0, 0, 0, 0, 0, 1, 0, 0, 0, 0, 0, 0, 0, 0, 0, 1, 1, 1, 0, 0, 0, 0, 0, 0, 0, 0, 1, 0, 0, 0, 0, 0, 0, 0, 0, 0]
[0, 0, 1, 0, 4, 13, 6, 1, 0, 0, 1, 1, 0, 0, 0, 0, 0, 0, 2, 0, 0, 0, 0, 0, 0, 0, 0, 0, 0, 0, 0, 0, 0, 0, 0, 0, 0, 0, 0, 0, 0, 0, 0, 0, 0, 0, 1, 0, 0, 0, 0, 0, 0, 0, 0, 0]
[1, 0, 0, 2, 3, 3, 53, 5, 0, 1, 3, 0, 0, 0, 0, 0, 1, 0, 1, 0, 0, 1, 0, 0, 0, 0, 4, 0, 0, 1, 0, 0, 0, 0, 2, 2, 2, 2, 1, 0, 0, 0, 4, 0, 0, 0, 1, 1, 1, 0, 0, 0, 0, 0, 3, 1]
[0, 0, 0, 0, 2, 0, 3, 36, 0, 5, 2, 1, 0, 0, 0, 0, 1, 0, 0, 0, 1, 1, 0, 0, 0, 0, 0, 0, 0, 0, 0, 0, 4, 0, 0, 0, 1, 0, 0, 0, 0, 0, 2, 0, 0, 0, 0, 2, 1, 0, 2, 0, 0, 0, 0, 0]
[0, 0, 0, 0, 0, 0, 1, 0, 0, 0, 0, 0, 0, 0, 0, 0, 0, 0, 0, 0, 0, 0, 0, 0, 0, 0, 0, 0, 0, 0, 0, 0, 0, 0, 0, 0, 0, 0, 0, 0, 0, 0, 0, 0, 0, 0, 0, 0, 0, 0, 0, 0, 0, 0, 0, 0]
[0, 0, 0, 0, 0, 0, 0, 7, 0, 4, 1, 0, 0, 0, 1, 0, 2, 0, 0, 1, 0, 1, 0, 0, 0, 0, 0, 0, 0, 0, 0, 0, 1, 0, 0, 0, 0, 0, 0, 0, 1, 0, 0, 0, 0, 0, 0, 0, 0, 0, 0, 0, 0, 0, 1, 0]
[0, 0, 0, 0, 0, 1, 5, 2, 0, 1, 90, 4, 0, 0, 2, 1, 3, 0, 3, 5, 0, 5, 0, 0, 0, 0, 1, 0, 0, 3, 0, 0, 0, 0, 1, 3, 4, 5, 3, 0, 3, 0, 0, 0, 2, 3, 7, 1, 0, 0, 2, 0, 0, 0, 2, 2]
[1, 0, 0, 1, 0, 1, 5, 5, 0, 2, 3, 83, 0, 0, 0, 0, 9, 0, 0, 1, 1, 3, 0, 1, 0, 1, 0, 0, 0, 2, 0, 1, 1, 0, 1, 0, 2, 4, 1, 0, 1, 0, 0, 1, 0, 0, 3, 4, 1, 0, 0, 0, 0, 0, 0, 2]
[0, 0, 0, 0, 0, 0, 0, 0, 0, 0, 0, 1, 2, 0, 0, 0, 0, 0, 1, 0, 0, 0, 0, 0, 0, 0, 0, 0, 0, 0, 0, 0, 0, 0, 0, 0, 0, 0, 0, 0, 0, 0, 0, 0, 0, 0, 0, 0, 0, 0, 0, 0, 0, 0, 0, 0]
[0, 0, 0, 0, 0, 0, 0, 0, 0, 0, 2, 0, 1, 1, 0, 0, 0, 0, 0, 0, 0, 0, 0, 0, 0, 0, 0, 0, 0, 0, 0, 0, 0, 0, 0, 0, 0, 1, 0, 0, 0, 0, 0, 0, 0, 0, 0, 0, 0, 0, 0, 0, 0, 0, 0, 0]
[0, 0, 0, 0, 0, 0, 1, 0, 0, 0, 0, 0, 0, 0, 24, 0, 2, 0, 0, 1, 3, 0, 1, 0, 0, 0, 3, 0, 0, 1, 0, 0, 1, 0, 0, 0, 1, 1, 1, 0, 0, 0, 0, 0, 0, 0, 0, 1, 0, 0, 0, 0, 0, 0, 0, 0]
[0, 0, 0, 0, 0, 0, 0, 0, 0, 0, 0, 0, 0, 0, 1, 2, 0, 0, 0, 0, 0, 0, 0, 0, 0, 0, 0, 0, 0, 2, 0, 0, 0, 0, 0, 0, 0, 0, 0, 0, 2, 0, 0, 0, 0, 0, 0, 0, 0, 0, 0, 0, 0, 0, 0, 0]
[0, 0, 0, 0, 1, 0, 4, 0, 0, 1, 5, 5, 0, 0, 1, 1, 53, 2, 1, 1, 3, 7, 0, 0, 0, 0, 0, 1, 0, 3, 0, 1, 1, 0, 1, 4, 2, 3, 9, 1, 0, 0, 0, 0, 0, 1, 4, 1, 0, 0, 4, 0, 0, 0, 1, 3]
[1, 0, 0, 0, 0, 0, 0, 0, 0, 0, 1, 4, 0, 0, 0, 0, 1, 7, 0, 0, 1, 1, 0, 0, 0, 0, 0, 0, 0, 0, 0, 0, 1, 0, 0, 0, 0, 0, 0, 0, 0, 0, 0, 0, 0, 0, 1, 0, 0, 0, 0, 0, 0, 0, 0, 0]
[0, 0, 0, 1, 0, 2, 3, 1, 0, 0, 1, 1, 0, 0, 1, 0, 1, 0, 44, 0, 0, 0, 0, 0, 0, 0, 0, 0, 0, 0, 0, 0, 5, 0, 0, 1, 1, 2, 0, 0, 0, 0, 1, 0, 1, 0, 0, 1, 1, 0, 0, 0, 0, 0, 1, 1]
[1, 0, 0, 0, 0, 0, 1, 0, 0, 0, 0, 1, 0, 0, 0, 0, 0, 0, 0, 7, 1, 5, 0, 0, 0, 0, 0, 0, 0, 4, 0, 0, 0, 0, 0, 2, 6, 2, 0, 0, 0, 0, 0, 0, 0, 1, 1, 0, 0, 0, 0, 0, 2, 2, 1, 0]
[2, 0, 0, 0, 0, 0, 2, 1, 0, 0, 0, 0, 0, 0, 1, 0, 2, 0, 3, 5, 16, 5, 0, 0, 0, 0, 1, 0, 0, 5, 0, 0, 1, 0, 0, 3, 4, 2, 0, 0, 0, 0, 0, 0, 0, 0, 0, 0, 0, 0, 0, 0, 0, 0, 2, 0]
[2, 0, 0, 0, 0, 0, 0, 2, 0, 1, 7, 5, 0, 0, 1, 0, 2, 0, 5, 10, 10, 88, 0, 0, 0, 0, 4, 0, 0, 4, 2, 0, 2, 0, 3, 11, 1, 5, 3, 0, 4, 0, 1, 0, 1, 3, 3, 3, 0, 0, 4, 0, 1, 0, 3, 0]
[0, 0, 0, 0, 0, 0, 0, 0, 0, 0, 0, 0, 0, 0, 0, 0, 0, 0, 1, 0, 0, 1, 1, 0, 0, 0, 0, 0, 0, 1, 0, 0, 0, 0, 0, 0, 0, 0, 0, 0, 0, 0, 0, 0, 0, 0, 0, 0, 0, 0, 0, 0, 0, 0, 0, 0]
[0, 0, 0, 0, 0, 0, 0, 0, 0, 0, 1, 0, 0, 0, 1, 0, 0, 0, 0, 0, 0, 1, 0, 4, 0, 0, 1, 0, 0, 0, 0, 0, 0, 0, 0, 0, 0, 0, 0, 0, 0, 0, 0, 0, 0, 0, 0, 0, 0, 0, 1, 0, 0, 0, 0, 0]
[0, 0, 0, 0, 0, 0, 1, 0, 0, 0, 0, 0, 0, 0, 0, 0, 0, 0, 0, 0, 0, 0, 0, 0, 0, 0, 0, 0, 0, 0, 0, 0, 0, 0, 0, 0, 0, 0, 0, 0, 1, 0, 0, 0, 0, 0, 0, 0, 0, 0, 0, 0, 0, 0, 0, 0]
[0, 0, 0, 0, 0, 0, 0, 0, 0, 0, 0, 0, 0, 0, 0, 0, 0, 0, 0, 0, 0, 0, 0, 0, 1, 1, 1, 0, 0, 0, 0, 0, 0, 0, 0, 0, 0, 0, 0, 0, 0, 0, 0, 0, 0, 0, 0, 0, 0, 0, 0, 0, 0, 0, 0, 0]
[1, 0, 0, 0, 0, 0, 1, 0, 0, 0, 0, 2, 0, 0, 1, 0, 1, 0, 2, 4, 2, 3, 0, 0, 0, 0, 16, 0, 5, 4, 0, 0, 1, 0, 0, 4, 1, 1, 1, 0, 1, 0, 1, 0, 0, 0, 0, 0, 1, 0, 7, 0, 1, 0, 1, 0]
[0, 0, 0, 0, 0, 0, 0, 0, 0, 0, 0, 0, 0, 0, 1, 0, 0, 0, 0, 1, 1, 1, 0, 0, 0, 0, 1, 2, 0, 0, 0, 0, 2, 0, 0, 0, 1, 0, 0, 0, 0, 0, 0, 0, 0, 0, 0, 1, 0, 0, 0, 0, 0, 0, 0, 0]
[0, 0, 0, 0, 0, 0, 0, 0, 0, 1, 1, 0, 0, 0, 0, 0, 0, 0, 0, 0, 1, 0, 0, 0, 0, 1, 3, 1, 2, 2, 0, 0, 0, 0, 0, 0, 0, 0, 0, 0, 0, 0, 0, 0, 0, 0, 0, 0, 0, 0, 0, 0, 1, 0, 0, 0]
[2, 0, 0, 1, 0, 0, 2, 1, 0, 1, 6, 1, 0, 0, 1, 0, 8, 0, 6, 1, 2, 6, 1, 0, 0, 0, 5, 1, 0, 96, 0, 2, 0, 0, 5, 19, 3, 8, 5, 0, 4, 0, 5, 0, 1, 3, 1, 1, 1, 0, 1, 0, 2, 0, 0, 3]
[0, 0, 0, 0, 0, 0, 0, 0, 0, 0, 0, 0, 0, 0, 0, 0, 0, 0, 0, 0, 0, 2, 0, 0, 0, 0, 1, 0, 0, 1, 9, 0, 1, 0, 0, 1, 0, 2, 1, 0, 0, 0, 0, 0, 0, 0, 0, 0, 0, 0, 1, 0, 0, 0, 0, 0]
[1, 0, 0, 0, 0, 0, 1, 0, 0, 0, 0, 0, 0, 0, 1, 0, 0, 0, 2, 0, 1, 2, 0, 0, 0, 0, 0, 0, 0, 0, 0, 13, 0, 0, 0, 1, 0, 0, 1, 0, 0, 0, 0, 0, 0, 0, 0, 0, 0, 0, 0, 0, 0, 0, 0, 0]
[1, 0, 0, 0, 0, 0, 0, 1, 0, 0, 0, 1, 0, 0, 0, 0, 1, 0, 3, 2, 1, 0, 0, 0, 0, 0, 1, 0, 0, 0, 0, 0, 31, 0, 0, 1, 0, 1, 1, 0, 0, 0, 0, 0, 1, 1, 0, 0, 0, 0, 0, 0, 0, 0, 0, 1]
[0, 0, 0, 0, 0, 0, 0, 0, 0, 0, 0, 0, 0, 0, 0, 0, 0, 0, 0, 0, 0, 0, 0, 0, 0, 0, 0, 0, 1, 0, 0, 1, 0, 0, 0, 0, 0, 1, 0, 0, 0, 0, 0, 0, 0, 0, 0, 0, 0, 0, 0, 0, 0, 0, 0, 0]
[2, 0, 1, 0, 0, 0, 3, 0, 0, 0, 1, 1, 0, 0, 0, 0, 1, 0, 1, 0, 0, 1, 0, 0, 0, 0, 4, 0, 1, 3, 0, 0, 1, 0, 20, 2, 0, 1, 0, 0, 0, 0, 0, 0, 0, 0, 0, 1, 0, 0, 0, 0, 0, 0, 0, 1]
[0, 0, 0, 0, 2, 0, 2, 2, 0, 2, 2, 0, 0, 0, 5, 1, 3, 0, 4, 2, 3, 8, 0, 0, 0, 1, 4, 0, 0, 11, 0, 1, 0, 0, 6, 97, 3, 1, 1, 1, 0, 0, 0, 0, 0, 0, 2, 2, 0, 0, 2, 0, 2, 0, 0, 1]
[1, 0, 0, 0, 0, 1, 2, 0, 0, 0, 1, 5, 0, 0, 0, 1, 3, 0, 0, 0, 0, 2, 0, 0, 0, 0, 2, 0, 0, 1, 0, 0, 1, 0, 0, 0, 40, 1, 0, 0, 1, 0, 0, 1, 0, 1, 0, 1, 0, 0, 2, 0, 0, 0, 0, 2]
[0, 0, 0, 0, 2, 0, 2, 3, 0, 0, 9, 1, 2, 0, 2, 0, 6, 0, 6, 2, 4, 4, 0, 0, 0, 0, 5, 1, 1, 5, 3, 4, 1, 0, 3, 4, 3, 92, 23, 2, 10, 1, 1, 0, 7, 8, 3, 7, 3, 0, 12, 0, 0, 0, 8, 13]
[1, 0, 0, 0, 0, 0, 1, 1, 0, 0, 2, 0, 0, 0, 5, 0, 5, 0, 2, 8, 0, 3, 1, 0, 0, 0, 1, 0, 1, 4, 0, 1, 3, 0, 0, 0, 2, 10, 67, 0, 3, 0, 0, 0, 8, 1, 0, 4, 1, 0, 6, 0, 0, 0, 7, 6]
[0, 0, 0, 0, 0, 0, 0, 0, 0, 0, 1, 0, 0, 0, 0, 0, 0, 0, 0, 3, 0, 0, 0, 0, 0, 0, 0, 0, 0, 0, 0, 0, 0, 0, 1, 0, 0, 0, 3, 4, 0, 0, 0, 0, 0, 0, 0, 0, 0, 0, 1, 0, 0, 0, 1, 0]
[0, 0, 0, 0, 0, 0, 4, 0, 0, 1, 2, 1, 0, 1, 2, 1, 2, 1, 1, 0, 2, 3, 0, 0, 0, 0, 0, 0, 0, 9, 0, 1, 0, 0, 1, 0, 4, 5, 6, 0, 67, 0, 1, 0, 0, 0, 1, 1, 1, 0, 3, 0, 0, 0, 0, 2]
[0, 0, 0, 0, 0, 0, 0, 0, 0, 0, 0, 0, 0, 0, 0, 0, 0, 0, 0, 1, 0, 0, 0, 0, 0, 0, 0, 0, 0, 0, 0, 0, 0, 0, 0, 0, 0, 0, 1, 0, 1, 0, 0, 0, 0, 0, 0, 0, 0, 0, 0, 0, 0, 0, 0, 0]
[1, 0, 0, 0, 0, 0, 3, 1, 0, 0, 0, 0, 0, 0, 0, 0, 1, 0, 3, 0, 0, 0, 0, 0, 0, 0, 0, 0, 0, 0, 0, 0, 0, 0, 1, 0, 3, 0, 0, 0, 1, 0, 6, 0, 0, 0, 1, 0, 0, 1, 0, 0, 0, 0, 1, 0]
[0, 0, 0, 0, 0, 0, 2, 0, 0, 0, 0, 1, 0, 0, 0, 0, 0, 0, 2, 0, 0, 0, 0, 0, 0, 0, 0, 0, 0, 0, 0, 0, 0, 0, 0, 0, 2, 0, 1, 0, 0, 0, 0, 4, 0, 0, 0, 0, 0, 0, 0, 0, 0, 0, 0, 0]
[0, 0, 0, 0, 0, 0, 1, 0, 0, 1, 1, 0, 0, 0, 0, 0, 0, 0, 0, 1, 0, 3, 0, 0, 0, 0, 0, 0, 0, 0, 0, 0, 0, 0, 0, 1, 0, 0, 1, 0, 1, 0, 0, 0, 6, 3, 0, 3, 0, 0, 1, 0, 0, 0, 0, 1]
[0, 0, 0, 0, 0, 0, 0, 0, 0, 0, 1, 0, 0, 0, 0, 0, 4, 0, 0, 0, 0, 0, 0, 0, 0, 0, 0, 0, 0, 0, 0, 0, 0, 0, 0, 0, 0, 3, 1, 0, 0, 0, 0, 0, 3, 11, 3, 1, 0, 0, 0, 0, 0, 0, 2, 2]
[0, 0, 0, 0, 0, 0, 0, 1, 0, 0, 3, 2, 0, 0, 0, 0, 3, 1, 0, 0, 3, 2, 0, 0, 0, 0, 0, 0, 0, 0, 0, 0, 1, 0, 0, 0, 0, 2, 0, 0, 3, 0, 0, 0, 0, 1, 23, 0, 0, 0, 1, 0, 0, 0, 2, 2]
[0, 0, 0, 1, 0, 0, 2, 0, 0, 0, 2, 0, 0, 0, 0, 1, 0, 0, 1, 0, 1, 1, 0, 1, 0, 0, 0, 0, 0, 0, 0, 0, 2, 0, 2, 1, 4, 1, 3, 0, 2, 0, 1, 0, 1, 1, 2, 30, 0, 0, 1, 0, 1, 0, 1, 0]
[0, 0, 0, 0, 0, 0, 1, 0, 0, 0, 2, 1, 0, 0, 2, 0, 2, 0, 0, 0, 0, 0, 0, 0, 0, 0, 0, 0, 0, 0, 0, 0, 0, 0, 1, 0, 1, 0, 0, 0, 1, 0, 1, 0, 0, 0, 1, 0, 15, 2, 0, 0, 0, 0, 2, 0]
[0, 0, 0, 0, 0, 1, 0, 0, 0, 0, 0, 0, 0, 0, 0, 0, 0, 0, 0, 0, 0, 1, 0, 0, 0, 0, 0, 0, 0, 0, 0, 0, 0, 0, 0, 0, 1, 2, 0, 0, 0, 0, 0, 0, 1, 0, 0, 0, 2, 1, 0, 0, 0, 0, 0, 0]
[1, 0, 0, 0, 0, 0, 0, 0, 0, 0, 3, 0, 0, 0, 1, 0, 5, 0, 2, 2, 0, 2, 0, 1, 0, 0, 12, 0, 0, 6, 2, 0, 0, 0, 2, 0, 0, 6, 4, 0, 4, 0, 0, 0, 2, 2, 3, 0, 1, 0, 84, 0, 0, 0, 2, 2]
[0, 0, 0, 0, 0, 0, 0, 0, 0, 0, 0, 0, 0, 0, 0, 0, 0, 0, 0, 0, 0, 0, 0, 0, 0, 0, 0, 0, 0, 0, 1, 0, 0, 0, 0, 0, 0, 0, 0, 0, 0, 0, 0, 0, 0, 0, 0, 0, 0, 0, 0, 0, 0, 0, 0, 0]
[0, 0, 0, 0, 0, 0, 0, 0, 0, 0, 0, 0, 0, 0, 0, 0, 0, 0, 1, 1, 0, 0, 0, 0, 0, 0, 0, 0, 0, 1, 0, 0, 1, 0, 0, 2, 0, 1, 0, 0, 1, 0, 1, 0, 0, 0, 0, 0, 0, 0, 0, 0, 14, 0, 0, 0]
[0, 0, 0, 0, 0, 0, 0, 0, 0, 0, 2, 0, 0, 0, 0, 0, 0, 0, 0, 0, 0, 0, 0, 0, 0, 0, 2, 0, 0, 2, 0, 0, 0, 0, 0, 0, 0, 0, 0, 0, 0, 0, 0, 0, 1, 0, 0, 0, 0, 0, 0, 0, 0, 1, 0, 1]
[0, 0, 0, 0, 0, 0, 0, 0, 0, 1, 4, 3, 1, 0, 0, 0, 4, 0, 2, 0, 0, 0, 0, 0, 0, 0, 1, 0, 0, 3, 0, 0, 0, 0, 1, 0, 2, 3, 6, 0, 3, 0, 0, 0, 1, 0, 0, 0, 6, 0, 1, 0, 0, 0, 16, 5]
[1, 0, 0, 0, 0, 1, 4, 0, 0, 0, 1, 1, 0, 0, 2, 1, 1, 0, 1, 0, 0, 3, 0, 0, 0, 0, 0, 0, 1, 0, 0, 0, 0, 0, 1, 0, 0, 6, 5, 0, 1, 0, 0, 0, 1, 3, 0, 1, 0, 0, 2, 0, 0, 0, 1, 25]
